8.77732641564
1.72670990389
1.39703312507
1.28961382533
1.25023828258
1.22758212284
1.21197985557
1.20469107356
1.19903606544
1.19481268269
1.2435407226
1.18325681228
1.153317367
1.13380747824
1.13385610185
1.13409490502
1.13356988752
1.13657172822
1.13860127038
1.14031046697
1.24390980732
1.17497922798
1.14740791563
1.12909746628
1.12965844749
1.13025521406
1.12997806578
1.13310049795
1.13529235053
1.13716631181
1.24101554549
1.17309032285
1.14589229424
1.12772768743
1.12828901582
1.12893072204
1.12869669398
1.13183780355
1.13402754439
1.13579805831
