8.77732641564
1.72670990389
1.39703312507
1.28961382533
1.25023828258
1.22758212284
1.21197985557
1.20469107356
1.19903606544
1.19481268269
1.2435407226
1.18325681228
1.153317367
1.13380747824
1.13385610185
1.13409490502
1.13356988752
1.13657172822
1.13860127038
1.14031046697
1.24390980732
1.17497922798
1.14740791563
1.12909746628
1.12965844749
1.13025521406
1.12997806578
1.13310049795
1.13529235053
1.13716631181
1.24101554549
1.17309032285
1.14589229424
1.12772768743
1.12828901582
1.12893072204
1.12869669398
1.13183780355
1.13402754439
1.13579805831
1.24282163402
1.17156120552
1.14455125215
1.12657525069
1.12705597244
1.12772053388
1.12752987438
1.13078793567
1.13300262049
1.13486263044
1.24114353953
1.17045506635
1.14353909286
1.12585097098
1.12648497033
1.12719757751
1.12705202429
1.13028057363
1.13252318336
1.13435815464
1.24116725842
1.16921234476
1.14262654429
1.12503705564
1.12565656407
1.12637327731
1.12621381026
1.1294316192
1.13166620842
1.13351378497
1.24254369369
1.16850956829
1.14194624483
1.12455423717
1.12519602849
1.12582966752
1.12561185185
1.128808921
1.13099462617
1.13280652864
1.23723953434
1.16744904499
1.14110103518
1.12382117544
1.12436039537
1.12505004542
1.12489042775
1.12814048929
1.13039616258
1.13222993331
