7.98547474328
5.14265975686
4.82422562338
2.96888216438
2.35362291562
2.04922448196
1.86694560274
1.75226714295
1.67098536089
1.61056359532
1.26842374421
1.21897383715
1.1836020289
1.16054827033
1.16092459638
1.16223679877
1.1619784648
1.16528771724
1.1678115894
1.16985356501
1.28288855447
1.22369505843
1.18898553576
1.16500603691
1.16529842919
1.16493097873
1.1638348817
1.16672463489
1.16891397892
1.17077193463
1.2679050299
1.209613949
1.17740324288
1.15549977929
1.15612361716
1.15724677375
1.15746067893
1.16107163533
1.16389678282
1.16630434814
