8.8514005456
1.54107787537
1.31974507157
1.24150074238
1.21551536577
1.20014496263
1.18911911597
1.18513655524
1.18185284529
1.17911916045
1.2322517086
1.17548378945
1.14744673457
1.12900034612
1.129248669
1.12959907184
1.12917343827
1.13224771194
1.13433321755
1.13606449965
1.23340889351
1.17005007318
1.14307852115
1.12557970698
1.1258384979
1.12635695279
1.126056461
1.1291705381
1.13125541349
1.13302763233
1.24552675253
1.16720733021
1.14109934077
1.12461395417
1.12586400717
1.12623969217
1.12589280158
1.12892081689
1.13101177098
1.13274903961
1.23903913789
1.16785075496
1.14168518954
1.12431929203
1.12461254004
1.12511112168
1.12490937084
1.12795239032
1.13005548952
1.13184411344
1.24258776772
1.16637532708
1.14041280962
1.12311620473
1.1236501181
1.12412174844
1.12401916557
1.1271645915
1.12933471707
1.13111541178
1.23811039902
1.16544857337
1.13974737714
1.12278366871
1.12320985042
1.12365230083
1.12340139285
1.12648072849
1.1285827935
1.1303681249
